"","X1","X2","X3","X4","X5","X6","X7","X8","X9","X10","X11","X12","X13","X14","X15","X16","X17","X18","X19","X20","X21","X22","X23","X24","X25","X26","X27","X28","X29","X30","X31","X32","X33","X34","X35","X36","X37","X38","X39","X40","X41","X42","X43","X44","X45","X46","X47","X48","X49","X50","X51","X52","X53","X54","X55","X56","X57","X58","X59","X60","X61","X62","X63","X64","X65","X66","X67","X68","X69","X70","X71","X72","X73","X74","X75","X76","X77","X78","X79","X80","X81","X82","X83","X84","X85","X86","X87","X88","X89","X90","X91","X92","X93","X94","X95","X96","X97","X98","X99","X100","V1"
"René Stulz",1,0.109612256792516,0.133021785617712,0.100674016700505,0.095577962371288,0.147129470808544,0.12930900101782,0.208263740947101,0.122855763147373,0.178082301700774,0.0752119449230149,0.219254739620942,0.143148159188715,0.162737212776682,0.11025347301155,0.12339165399165,0.163929369412032,0.127253288168232,0.131997186797477,0.166562772492912,0.182457560370355,0.127697374628868,0.0891498378572264,0.166294817761229,0.131916095239089,0.146144962753054,0.14752997402056,0.125016562895116,0.133705118648578,0.108241532694207,0.16696330809056,0.128582231149895,0.151575254159129,0.191046173304511,0.163633977179157,0.0971942462366048,0.160837557562829,0.119698741469707,0.0805866219354453,0.0757401147602427,0.141221798442014,0.109721521525464,0.16122789815679,0.134923429242015,0.15935915775328,0.101259612299123,0.0950834366723906,0.0721307437151871,0.112952186356797,0.14866236155021,0.112872776143492,0.108712462667695,0.166616725116628,0.0793589214882443,0.0989101398595532,0.101278965582301,0.142218746309124,0.103671966731776,0.153001862125603,0.129965096218379,0.152215904775402,0.143714435879123,0.095617784613704,0.0949335899694161,0.162524303964202,0.125332283864012,0.124978163449186,0.094777189424837,0.0482789090536076,0.142663461562654,0.138687160448488,0.135601672295713,0.143817227951877,0.170439760117532,0.141167253184405,0.11450167402764,0.154242681292826,0.096272033014944,0.0662100319789211,0.174170446879073,0.124332023141226,0.0971450872996021,0.137963116201426,0.107350977676722,0.120268715395243,0.128357671858893,0.163202823831552,0.122627956763383,0.132885760525743,0.118519665398633,0.086418856728524,0.139039163799166,0.121897335110347,0.156386230910406,0.139826913473817,0.174968004323529,0.0997215924091143,0.0938443066170814,0.150522661681757,0.101424007392992,"René Stulz"
"Lawrence Katz",0.109612256792516,1,0.158101915834475,0.0913433535002701,0.0852212975013905,0.155257521723974,0.20869652227717,0.12805211257478,0.084177030355695,0.117612432653552,0.0681095224703522,0.0984292351102648,0.0944405931659561,0.130902256944718,0.113210482699643,0.0933632036371808,0.149348219293999,0.130081484437851,0.186453874816878,0.0838737004265457,0.114188885857288,0.257644786471533,0.224876223471548,0.0881256326740671,0.177555185689909,0.152123454613861,0.129047233439418,0.0964281288181677,0.150931485957347,0.147517711399505,0.13571315949847,0.145431906903709,0.0972184489512632,0.12756566427484,0.103200523936132,0.0899848773990345,0.144705775655165,0.12271381461156,0.118173060753072,0.0722134851626522,0.111132712487972,0.097539830252472,0.100297976215103,0.2103938393246,0.0961044463464335,0.106897932302578,0.0661954816507203,0.0922128464325164,0.126570095849371,0.0928921346190129,0.115273125832629,0.117820540305171,0.110218082533232,0.075184945888054,0.0935013302970092,0.193324366579074,0.10032567442717,0.105230707570992,0.120226257438458,0.114545186538471,0.103176507733466,0.151848991606128,0.235559744004599,0.124915163047793,0.113484378703016,0.0868635690087453,0.104478920081222,0.0722999745144357,0.06585948526505,0.149003633064045,0.157510899673132,0.117816117535033,0.0951445096579897,0.087545353917941,0.106322150991893,0.120015218007778,0.152148763748698,0.0753105585772391,0.0608558645962329,0.138301699561012,0.0832797738721104,0.0980737455943045,0.104333409714165,0.0674099873728103,0.127114799769409,0.102113877346348,0.151743055000244,0.0993944621707657,0.111361747021037,0.101450438683354,0.0848313119855476,0.080578239557607,0.135075012760499,0.112937578792671,0.137615065230863,0.13279911139174,0.0901720411283395,0.169879112561532,0.140893759633031,0.057109079051479,"Lawrence Katz"
"John List",0.133021785617712,0.158101915834475,1,0.146062373682668,0.104353480278043,0.150605741423849,0.180278463489614,0.149774246671317,0.102752646332099,0.156721270743049,0.088567930285298,0.148454109260701,0.162205303259879,0.154146393745956,0.154465723975407,0.112001014940888,0.154818607650144,0.169755135254397,0.164491095214752,0.102977414346951,0.149028349495589,0.178301702881998,0.156654849073813,0.118154692655156,0.1613575656566,0.201860264787042,0.16576405632473,0.155704731505629,0.14647279147647,0.128297840121434,0.191164335540442,0.140539459437888,0.122191127186789,0.142912125693969,0.140217009868098,0.114703194115067,0.151244133461528,0.152336506803265,0.111747431722044,0.108547063720243,0.190418351654695,0.130535255383984,0.138446634776308,0.174978563364489,0.132167179460474,0.133437868496797,0.0880816925659965,0.0946195217763373,0.166301103247922,0.132692134460845,0.151319569824733,0.135439110756485,0.132274035941576,0.099544876514079,0.143025449676153,0.18037235864848,0.117587744550851,0.134865761904061,0.173057214588296,0.143598171343977,0.143111098245106,0.191076806707203,0.11543517696651,0.111888557288907,0.128780946923104,0.164384070438939,0.131320191423394,0.110175382635853,0.104008921020127,0.147414872388182,0.248811983806687,0.16319633001509,0.15792054904177,0.114556822836747,0.156492037317851,0.137292395477853,0.186193422838687,0.119643075868881,0.0887768741230849,0.126637914227373,0.0957901444123624,0.135530581426752,0.124003639493284,0.0915150145215197,0.177449528388948,0.155854136162063,0.170947972316083,0.11720295087198,0.136212014197731,0.132359455665238,0.130607390962224,0.0861927409328119,0.155414964367606,0.144060714413839,0.128286142691729,0.148995711467332,0.0999825151873954,0.156920136768523,0.160579587015628,0.0753266209624419,"John List"
"Clive Granger",0.100674016700505,0.0913433535002701,0.146062373682668,1,0.119979194704447,0.132162221639093,0.099371687594937,0.107405657955657,0.0863568727308499,0.100678625920881,0.176421741375218,0.142640729195358,0.10156065812531,0.143785823214923,0.0687693725725166,0.0722054900170193,0.119592839297009,0.118439366295605,0.126108290778568,0.0841365971010565,0.124988327331181,0.102451996745744,0.103652154668477,0.23438603968037,0.134047708971909,0.121207185433357,0.130041191414758,0.13701418469228,0.142435272050612,0.105983868582058,0.120919401796827,0.102918919482724,0.167900523500268,0.111691104720672,0.19552389085172,0.157471584227334,0.123751117739138,0.130637970916196,0.0678946773047141,0.167178080193477,0.10760493173567,0.0712611369468402,0.106167968421795,0.112794942543304,0.0990847906251709,0.2305058308503,0.0777831476038922,0.154429432724371,0.144134056791832,0.11142198037755,0.164584557046351,0.120710005390313,0.119026086515918,0.1723049658764,0.181996598362204,0.136554115287937,0.1223940311924,0.0990085111251303,0.098010562360953,0.100866076056626,0.135535737624286,0.0871056468285992,0.068681582009487,0.093767426563926,0.114668232629084,0.0992516955951318,0.189011808488129,0.117003844329081,0.084290575839881,0.141009032744375,0.104013317893895,0.09203332361853,0.126281243516945,0.100449675310897,0.0804786617444417,0.151373945326945,0.11175977855793,0.153939938816205,0.170250238357867,0.139573790108919,0.0648815913381467,0.126274167416294,0.14983391604199,0.0924986210051525,0.138558454458227,0.171592327915472,0.142491975048341,0.0928741566972851,0.100241515824144,0.280494577703653,0.140938244336222,0.0718373879878802,0.0791285407277034,0.139291577933953,0.112637754386289,0.104103979700037,0.129721437278195,0.118251838474801,0.112838370990381,0.0636234733313001,"Clive Granger"
"Robert King",0.095577962371288,0.0852212975013905,0.104353480278043,0.119979194704447,1,0.145984984852645,0.0967563984343247,0.10339264514492,0.13777728838126,0.105365270125621,0.0996423221423035,0.101321457065949,0.111349389446607,0.13276993787635,0.0858656647546594,0.0710409282122956,0.120522174267953,0.132402944378626,0.10964766782235,0.0733749459481329,0.102773073989893,0.0943402089720415,0.0809697269491852,0.117950405703008,0.103290030936767,0.139538813462817,0.107165356448225,0.181283109623353,0.126961102711413,0.139057348782178,0.126244741875349,0.113142598477139,0.123006501000946,0.105205561800434,0.106571475484364,0.131451630647058,0.11778691323079,0.11419381436297,0.122998002377727,0.227734926259948,0.0953694082968926,0.0871131749682608,0.0897281116627803,0.0900983317460596,0.148554489857261,0.143631706456939,0.0551749647614072,0.0941908352299703,0.0980560307995263,0.132469558541312,0.0962300382081115,0.120254712075559,0.159302380758435,0.132442326402883,0.0867634215977914,0.101322710028547,0.161346832435725,0.12213442798992,0.119027206816323,0.0856659133718385,0.19376526568992,0.0875082757268768,0.0661577413471987,0.129375068939327,0.136864715338643,0.097109167444838,0.126394277940703,0.128493626791914,0.0490762172976463,0.161455141609889,0.116575843863974,0.109398953077149,0.137410027879526,0.145290996683545,0.114037919719221,0.14983997129969,0.10623345461862,0.184144533404796,0.0875969818291449,0.111548468208111,0.0574674177781577,0.143163515563944,0.0838875685610113,0.0706042394064715,0.108270234490083,0.141849784591266,0.101261404154831,0.113205816816903,0.151133365645148,0.136276235277902,0.113243057326465,0.0695511794057172,0.0798947068539867,0.10353558820668,0.138747179421144,0.120524506202088,0.145325000226732,0.123760810876247,0.125011726456346,0.0503684484032261,"Robert King"
"Robert Hall",0.147129470808544,0.155257521723974,0.150605741423849,0.132162221639093,0.145984984852645,1,0.175497455668078,0.158591979087626,0.135812032442705,0.136243726453671,0.0900924885575491,0.139364207730759,0.126662342728279,0.15594987535886,0.10763346391311,0.108366151615295,0.150241063244429,0.136312341794812,0.151102293104988,0.0971228586311358,0.154333148339231,0.167183423117148,0.120047470456961,0.118308625079481,0.167048766363362,0.146879499517945,0.146401563588314,0.159071768280781,0.1515304244177,0.146765211586752,0.192921813265101,0.169536207878444,0.111061315085423,0.140807106262596,0.120350159512171,0.110995883988921,0.1889971950203,0.13999107496496,0.103450163023093,0.108981040317459,0.142080630771499,0.108417324127317,0.117120983572695,0.160083927693763,0.148370577003382,0.117445535739631,0.0779674268847227,0.0811429126126833,0.128251512682006,0.133111443060851,0.127901182601481,0.139533214476058,0.158830286437783,0.0978773298486276,0.11305943335547,0.12983844331954,0.164898524655887,0.122788426763104,0.13790970962834,0.143164898925274,0.163190066367008,0.119797707998907,0.121727717604777,0.147441571928651,0.139273641176649,0.106107346366713,0.160765747376427,0.132115318902703,0.0483643792354972,0.174119488982332,0.115725716044904,0.115554373746011,0.150129431928929,0.115066744224504,0.122374088726592,0.122983892583212,0.1352185567928,0.170957735905772,0.0811491475265884,0.155630598013901,0.0836437610238933,0.174351430310271,0.106175381242965,0.0852301995542698,0.157204583964336,0.15698851077346,0.157901151514796,0.116519319786972,0.131551305735723,0.11049897205479,0.0879453910157958,0.0897336080305588,0.108209624553095,0.160694584397949,0.156050061829923,0.130545919442455,0.115392620797276,0.154558719806795,0.150566553741961,0.0684088878114048,"Robert Hall"
"David Card",0.12930900101782,0.20869652227717,0.180278463489614,0.099371687594937,0.0967563984343247,0.175497455668078,1,0.132324017037069,0.112113217970259,0.138422883000584,0.100742172274592,0.135760493257487,0.109511145201511,0.143794883419459,0.123019046276094,0.0943122843722206,0.122804915899361,0.138751798391199,0.182180467453092,0.0990994954636613,0.127639576453764,0.235502600488048,0.237193097248072,0.10192141755006,0.15765896269393,0.159568769500299,0.149268246309678,0.127862453109454,0.169789283885658,0.122737543416314,0.139623046120519,0.155637193053668,0.10533031299553,0.123639446080663,0.128340267409783,0.110090329088085,0.175488981903341,0.132619137438535,0.0986651402246044,0.0945842609696958,0.112203603505014,0.118495818088179,0.140158866921085,0.283697844077724,0.0972051200816732,0.124489860960897,0.100200625577822,0.105907009874821,0.132301120594055,0.121524420826608,0.151719789096949,0.118450026001977,0.105240038948501,0.0748985003596598,0.0927313502083488,0.185487798039896,0.0995786033741415,0.118982648464755,0.12572900650855,0.156960195063711,0.118154774107827,0.152000587077056,0.219120359008888,0.110444458879359,0.13059651093265,0.123792640080302,0.132835422336367,0.0784776074178765,0.0977296668567111,0.159224712842746,0.152659310231004,0.141964133886449,0.115565840949323,0.117170508019774,0.147737514725752,0.132302329237019,0.157749080803094,0.118152559129735,0.0723947899661289,0.121592227101298,0.0936181726775482,0.114820141428682,0.115817453549859,0.0721306463969012,0.143607621542068,0.143637577433718,0.162162464896961,0.120856054662447,0.118687247688726,0.113066593279942,0.127457974049802,0.0866020090121522,0.168276955665666,0.120348250206081,0.105893403417361,0.111398269288479,0.0735839073252298,0.192730369453756,0.155677310698705,0.0557514911857847,"David Card"
"Raghuram Rajan",0.208263740947101,0.12805211257478,0.149774246671317,0.107405657955657,0.10339264514492,0.158591979087626,0.132324017037069,1,0.178404291741016,0.180627586555016,0.0682010836207071,0.213417779257576,0.122424891997851,0.172130137583035,0.114480041872529,0.13055227851689,0.209549861072964,0.135753299395651,0.14762045109748,0.147823438790053,0.147757504891912,0.150180161359978,0.104349914234861,0.137659527069299,0.124143600915405,0.186756670426748,0.160980435442805,0.128661946119379,0.153039436349215,0.127331787702748,0.199160378075627,0.131148075323405,0.107928914603765,0.182205606402996,0.116791195413739,0.102000577403714,0.144651965815302,0.134047585511032,0.11396029524773,0.080571104176022,0.180916579688253,0.137049618455974,0.289489482778266,0.149114016661643,0.160307879799848,0.104357872399023,0.0679612797938389,0.0621379829400096,0.135691169581506,0.159635995399585,0.0996112212303394,0.154990220688241,0.173270432948987,0.0847431419722638,0.116334061464869,0.118225215121991,0.0994302035891529,0.122669811864037,0.143085392757413,0.108205525456046,0.135514454887836,0.143615253625355,0.123713345084459,0.103278915132011,0.193873087844082,0.142092634717481,0.122936637706392,0.101403938148404,0.0497360439291194,0.123382815590765,0.158836150310597,0.170303393212875,0.153963559916176,0.184776167697108,0.156519775505398,0.14999181907323,0.146734903231503,0.0993584757297595,0.0554505436280018,0.173908310754067,0.118322650508643,0.123257754374866,0.109310665147864,0.0798634974098334,0.121003812032165,0.127042804799128,0.172878350021528,0.132820412216583,0.136107714264228,0.128604660199358,0.121113059636893,0.0934456583993015,0.148127118405618,0.193011369930003,0.133205028599561,0.232727439315993,0.0997945934842471,0.100753560163927,0.15229155095418,0.0978414279773539,"Raghuram Rajan"
"Guillermo Calvo",0.122855763147373,0.084177030355695,0.102752646332099,0.0863568727308499,0.13777728838126,0.135812032442705,0.112113217970259,0.178404291741016,1,0.129988016632966,0.0715494898571898,0.155388208546485,0.0720921788180119,0.193223711995552,0.0902305513043309,0.0932633643946036,0.170792763698167,0.121166507423886,0.120058740736694,0.0923089682891594,0.141310985638779,0.114911888692685,0.086706341256832,0.0837390995458659,0.124942495886614,0.128359292714188,0.14909685629419,0.127486736763964,0.138617415449284,0.112622801037266,0.161829158910444,0.10712315881653,0.0682369368267498,0.182210327200558,0.0911633248448099,0.076335847382345,0.0954149996611846,0.10764986561479,0.0920924034911742,0.0775890434960935,0.104136716642523,0.114858272562445,0.108449441102945,0.0993280231036494,0.145034650850583,0.10797605939988,0.0567005934437713,0.0656671667568541,0.116644136771212,0.157440742221537,0.0959953712870106,0.132090331047983,0.22800046421724,0.0828525423310267,0.112183544505859,0.0915465979234715,0.123096441932218,0.121391412112085,0.131510301324207,0.101642768115087,0.143759936697882,0.110957630840087,0.0882893497267466,0.0879073697704765,0.252289621747998,0.0962283614952638,0.104831602479606,0.104773750051903,0.0388942786094581,0.14470433747947,0.125146703438959,0.166925098620822,0.140195776560341,0.124737433886345,0.111271683948908,0.127494108069758,0.115221648463039,0.130752012697846,0.0557364489981289,0.118654694150938,0.0805492250511634,0.123249959724779,0.103376521239049,0.0689319186292697,0.108535870157908,0.105824797410993,0.127065888906584,0.12050977148827,0.12791225390642,0.0904676170050315,0.0963760590592628,0.0708820926716496,0.0995774889681794,0.143177298252493,0.105078214531319,0.128641152978041,0.102893490920075,0.0991730609238131,0.126312379568289,0.0711679561725629,"Guillermo Calvo"
"Andrei Shleifer",0.178082301700774,0.117612432653552,0.156721270743049,0.100678625920881,0.105365270125621,0.136243726453671,0.138422883000584,0.180627586555016,0.129988016632966,1,0.0572675441854645,0.188697252912638,0.140496456302397,0.13094872272597,0.136270962723041,0.393885006715122,0.166318252663858,0.147579610791823,0.156541529855152,0.507125928838978,0.140150007143687,0.172519390890379,0.143829945608299,0.128695697177342,0.114645670539806,0.20118735314875,0.17036569587853,0.128333659181291,0.186113043579497,0.150510266833609,0.203767144705353,0.167042433204196,0.0952948326481999,0.156458912040603,0.131282319337117,0.0851311125770656,0.157784146740791,0.159696676699365,0.0972489713137708,0.0954602124518031,0.192640767585808,0.156552452394021,0.142283855662606,0.159474111576362,0.147248114412043,0.106843550086196,0.0858001576575134,0.0758454367073118,0.144702015639953,0.123786440388371,0.132564288119409,0.141378791456036,0.136632665300665,0.0781391455240775,0.111153378280324,0.126483677274884,0.100755141554875,0.100623715909951,0.151485203264397,0.137527258525971,0.134384329708478,0.181455181804844,0.119219464042564,0.104557736595441,0.134728891232747,0.13770295161274,0.115012103169576,0.0947351116586062,0.0736362001163075,0.177068052553609,0.159749262347627,0.173734938183061,0.145877872299598,0.151527101290414,0.20083764755655,0.127901615931473,0.163097573948147,0.0969380099383806,0.0552338396537828,0.157152446360233,0.398477130599224,0.132768911987191,0.120806891728689,0.0968564652793619,0.130036029709116,0.121499498272718,0.155786753555967,0.116298375303511,0.134781091930822,0.109850447023934,0.0987981700855572,0.117040444809984,0.239541118943044,0.155707458192995,0.145142135226234,0.167286430532328,0.102156030696508,0.123748240828293,0.127408280358694,0.098202455321351,"Andrei Shleifer"
"Donald Andrews",0.0752119449230149,0.0681095224703522,0.088567930285298,0.176421741375218,0.0996423221423035,0.0900924885575491,0.100742172274592,0.0682010836207071,0.0715494898571898,0.0572675441854645,1,0.0862887137622805,0.0861133130598851,0.0951981574658113,0.0361372843701484,0.0378600960297293,0.0756734842950121,0.110456316456436,0.0858858427959929,0.0325939823563952,0.102138471152252,0.0739097281527875,0.128065073160055,0.149993223330076,0.0933479913372064,0.087378804012569,0.092017596063082,0.109382840605535,0.0845530257731884,0.114429530131598,0.110741410185294,0.0819853085203751,0.191123575635955,0.071565432321875,0.201385197997719,0.186068002644892,0.0787997741263688,0.0885498817589771,0.0669033875357761,0.186703694858745,0.0738173621629484,0.0932302912036631,0.0675861287159703,0.0702503658402966,0.0935532168814467,0.347213350660689,0.0496444517940127,0.281115134411298,0.0800790282739581,0.094495014297264,0.166128885527775,0.07082887881065,0.0962137658072424,0.167384116906997,0.110920206348127,0.1274185883756,0.0986184795404941,0.0647785112345491,0.0903157242296744,0.0923611346793097,0.15294435964209,0.0822672687185525,0.0725980416559421,0.0651332859268139,0.0801437008118691,0.0988543185242081,0.252053700470894,0.101827760719306,0.0590381362046895,0.117791821858515,0.0665259915499869,0.0808937465696818,0.0791156649836662,0.0673237667198567,0.08318830423192,0.114207625062242,0.0865824427790441,0.129716155471374,0.177034463139321,0.116716503114356,0.03431327590415,0.0946085257258184,0.135597198138997,0.0564225845529786,0.136869093912896,0.146311111496975,0.0821031996783527,0.0524939904678186,0.11459145858081,0.30726369131323,0.158386501356107,0.0504861700426649,0.0459110636186854,0.0952256006217212,0.102226103136332,0.0780041472214703,0.135450812360483,0.171519079577542,0.0897676487832583,0.0388369298746241,"Donald Andrews"
"Jeremy Stein",0.219254739620942,0.0984292351102648,0.148454109260701,0.142640729195358,0.101321457065949,0.139364207730759,0.135760493257487,0.213417779257576,0.155388208546485,0.188697252912638,0.0862887137622805,1,0.152521685142376,0.166968713007786,0.0895229013917465,0.106046494481771,0.1618325217837,0.125220659345925,0.126029275098273,0.157798973653254,0.153674459622667,0.115897112696416,0.11022987753396,0.150712307207895,0.10406428501546,0.125230490713328,0.139563322478308,0.162584493879401,0.157066809879617,0.137294958385652,0.153370445316847,0.145935393547848,0.134679449663234,0.159409368191373,0.157122614000737,0.0954978949904873,0.13320736343644,0.131600089634748,0.0876970022133021,0.0984009963707363,0.160299855431162,0.100326341650769,0.1579716950846,0.117906655864561,0.155540243589791,0.114825289889109,0.108498739861252,0.0864801998623878,0.115804232627104,0.147800539098674,0.105620926513667,0.124039940258597,0.140784140234033,0.101555010084091,0.101972985761917,0.112019694387282,0.127299162563674,0.10301711684136,0.147527650330845,0.124313450702336,0.171629920153443,0.1299364254234,0.10056833234166,0.123840758508295,0.176682523919292,0.149965245659068,0.144556291647093,0.0873812386472185,0.0564149346528816,0.164988381232672,0.137631734645288,0.154922284207461,0.158415397791057,0.138213748389386,0.118049301680236,0.132979819061629,0.112508318518166,0.108932221989088,0.0680418928522503,0.205564802595382,0.0992787868195099,0.160445224768349,0.129967298800464,0.108848366880396,0.175816994814014,0.123206317487699,0.148604120075887,0.114643929597376,0.130335002300737,0.123867967958936,0.113693634419881,0.101785206968294,0.121238809096164,0.204145254740222,0.126359379790892,0.167965588723909,0.108572913861119,0.111430395928851,0.15448697030327,0.114458241917554,"Jeremy Stein"
"Paul Milgrom",0.143148159188715,0.0944405931659561,0.162205303259879,0.10156065812531,0.111349389446607,0.126662342728279,0.109511145201511,0.122424891997851,0.0720921788180119,0.140496456302397,0.0861133130598851,0.152521685142376,1,0.105475947629018,0.101812762531269,0.0960500391209534,0.1116836252609,0.145902134207371,0.100822309058797,0.118520488970102,0.120069748052243,0.108407236903997,0.0905104943728732,0.0962722908997631,0.115059751792169,0.122734703599257,0.116699359033264,0.131546703540902,0.111183306720833,0.0982652925360195,0.135410960407807,0.12091980195058,0.0713372929263047,0.0959161386672639,0.0822137528978772,0.0902356441460631,0.113321081336661,0.106338918782854,0.0955008198404301,0.0734653012479007,0.145394554051721,0.0976945636417739,0.120011782640277,0.119491165876527,0.0857178662767316,0.0850148457140533,0.0719163264997894,0.0905212285693075,0.091140627059223,0.0943712468533927,0.129805819812181,0.111830441909807,0.0925397452829314,0.0928747935929259,0.0818548860506656,0.107411042238694,0.100929066659892,0.117142490140835,0.138021057396377,0.129435790383364,0.110906396568624,0.118443722979449,0.0799705282941529,0.0607114276446313,0.0827886374808392,0.177440070445518,0.0875169974313702,0.0695696797367644,0.0668358000919428,0.12321870050585,0.121351041348547,0.128857600809954,0.092882290624448,0.0902510748645514,0.139066347408528,0.127060187273634,0.125753279843955,0.100913526449182,0.0797128021956366,0.100344632550164,0.0948261213386658,0.103331466237752,0.0706428744482594,0.0422491604689445,0.185179108764621,0.0998690118612759,0.13418864659434,0.0890087425276137,0.121916514203989,0.107157477925499,0.0956281399239569,0.0615893401632783,0.108195108847127,0.126813464317959,0.119599473919313,0.107006239689262,0.0916668214847544,0.0959764739010294,0.132083157018274,0.0791745374978109,"Paul Milgrom"
"Jeffrey Frankel",0.162737212776682,0.130902256944718,0.154146393745956,0.143785823214923,0.13276993787635,0.15594987535886,0.143794883419459,0.172130137583035,0.193223711995552,0.13094872272597,0.0951981574658113,0.166968713007786,0.105475947629018,1,0.10098943246934,0.101939246310884,0.219554419544635,0.155368814909236,0.177438699217775,0.090104450497311,0.265489867154783,0.159388498291063,0.0988013586237544,0.157208585862145,0.139268348570399,0.138846475317579,0.179590249845317,0.148935402665855,0.167778641470454,0.1662417448581,0.170631932488219,0.155314806073833,0.119798144860396,0.194607138546973,0.157119843525683,0.100088927694447,0.155448184607022,0.16684663727383,0.0846419454750796,0.109858620634173,0.12954851762653,0.143609874906626,0.122498165572003,0.14590609253177,0.15695785993281,0.164858927068299,0.0909323685127836,0.0910587342845746,0.133508660210149,0.165192943074567,0.140113772286562,0.147505195626419,0.231366180149304,0.0960261756510214,0.142455069877034,0.107333914638939,0.144995107290805,0.121912710442519,0.149367322785209,0.13409864710253,0.21175876133621,0.145023754214626,0.119821667243988,0.139319035535681,0.197862925670739,0.133920237291067,0.170820791269709,0.104046683750004,0.0760012318985391,0.162553541078496,0.139752775301632,0.172310766067485,0.147082121847148,0.134727801643473,0.13310314433523,0.16352674715413,0.137699677667417,0.132000317452734,0.0710394984077843,0.143439832878632,0.0868680613865847,0.156574886909725,0.125591330444817,0.10088199988388,0.141126093142479,0.157004540172663,0.190053274805598,0.158011434877848,0.161877992295581,0.123588376718637,0.0906080642200107,0.0894055288791147,0.125330859936762,0.156720566377191,0.150295727806211,0.153764505374829,0.127144387373758,0.128184015769868,0.167212431912209,0.0701604234692632,"Jeffrey Frankel"
"Gary Becker",0.11025347301155,0.113210482699643,0.154465723975407,0.0687693725725166,0.0858656647546594,0.10763346391311,0.123019046276094,0.114480041872529,0.0902305513043309,0.136270962723041,0.0361372843701484,0.0895229013917465,0.101812762531269,0.10098943246934,1,0.0824284865098946,0.118335463442072,0.095855779995936,0.103974551622116,0.109911337178716,0.0866448907435682,0.121280404832581,0.0854914725028329,0.0663257388202318,0.1247479923466,0.122913357277769,0.13175244391821,0.0924700463421156,0.1180508574338,0.0836629138760678,0.108287479898922,0.113342530947517,0.0560253664872592,0.108077538725403,0.0602578227151131,0.0590019329248493,0.134783862479029,0.0940971623816109,0.0713762815292009,0.0688062873916602,0.101050483580717,0.0934202024844189,0.0825243911061981,0.0895948215416002,0.0994796926977138,0.0701863849606834,0.0554028382143652,0.0766020339045506,0.120418397975106,0.101203051115524,0.0977648447916332,0.0712375549725988,0.108973850379636,0.048830321321369,0.0742287142374038,0.144769990898484,0.0804951857104314,0.0693546500972845,0.0995407333504603,0.0953395651477756,0.0859943399213892,0.130843459221669,0.117332130859325,0.0742054067374106,0.0963876172066974,0.0882280983525611,0.0695583558723038,0.0764369965395163,0.0552834766870073,0.132172827620044,0.120385353960564,0.0823787504458632,0.0962846276287119,0.083955197930134,0.102581540716459,0.0652109362470559,0.128064744563218,0.0843046082525803,0.0371330483637442,0.0972593163317164,0.0703440687890512,0.121928121927397,0.0709734396231421,0.0524894242179787,0.0836293817207944,0.0794975355464312,0.129475174079441,0.0770859277609125,0.116311056500801,0.0704943951701385,0.0700530513556624,0.0486224756318083,0.108624464089114,0.106718695632504,0.111366335901592,0.112576032097394,0.0761876459088906,0.114956469088193,0.115901115126072,0.0586416668739322,"Gary Becker"
"Florencio Lopez-de-Silanes",0.12339165399165,0.0933632036371808,0.112001014940888,0.0722054900170193,0.0710409282122956,0.108366151615295,0.0943122843722206,0.13055227851689,0.0932633643946036,0.393885006715122,0.0378600960297293,0.106046494481771,0.0960500391209534,0.101939246310884,0.0824284865098946,1,0.141433920671726,0.121197595481359,0.103291359257824,0.324456284665212,0.116106078263117,0.130113043658867,0.0942081563917437,0.0833825875543442,0.0862550040595065,0.132973992442572,0.129292383821129,0.0789864628930049,0.119599765803021,0.14357539124797,0.126794214739161,0.108213211766806,0.0716025647259368,0.106043212205981,0.0901975312386069,0.0629866532036354,0.122451329257686,0.130773175371616,0.0634613768940421,0.0651166383322482,0.123997729332878,0.110030175201694,0.125939884164763,0.116323272147959,0.0996848896175367,0.0827650472369097,0.0955981189793366,0.0542660995064485,0.106767519471146,0.110123057321899,0.100513939390642,0.0866523036252584,0.105151114702077,0.057703250490467,0.0730869441231143,0.0938435644905473,0.0837597913753772,0.0818209434752008,0.113526403296322,0.0869405065521284,0.104828062959361,0.148720621013994,0.0830939509017522,0.083836190756228,0.111818633580358,0.115908970424495,0.0945361150746109,0.0767315390881219,0.0541134725152144,0.13530468439251,0.100248284502454,0.116854668841799,0.0897348086053159,0.14657769571234,0.119205482688501,0.0925010015140848,0.126631867195915,0.0681652397836383,0.0414736047788695,0.101453950570526,0.684780236416805,0.0891368200654968,0.0835698431039751,0.0649508293495865,0.0871954075729801,0.0877421412929186,0.106663638579071,0.106887827678489,0.082442784246686,0.0771140234570265,0.0757780176548702,0.0742872925186236,0.179200694255172,0.0919020790384956,0.112144607563556,0.158972353617325,0.0639843852959652,0.098032495380768,0.103687451290037,0.11893193040204,"Florencio Lopez-de-Silanes"
"Barry Eichengreen",0.163929369412032,0.149348219293999,0.154818607650144,0.119592839297009,0.120522174267953,0.150241063244429,0.122804915899361,0.209549861072964,0.170792763698167,0.166318252663858,0.0756734842950121,0.1618325217837,0.1116836252609,0.219554419544635,0.118335463442072,0.141433920671726,1,0.148659354696965,0.145091932575691,0.135085588935182,0.205597020130331,0.1695231731028,0.123894297371851,0.136433075155979,0.130720580563596,0.169925232876095,0.230624996079889,0.161683711896346,0.163535395468588,0.149300068782057,0.222448497945211,0.168613352621855,0.100368543982901,0.182601040661628,0.142045385893404,0.109850646232277,0.149488929756224,0.146070616017347,0.107137512348977,0.0773141065482419,0.176343299700738,0.152957204756882,0.159375215900828,0.167112456970132,0.159207670394924,0.118653902885938,0.0865271470577162,0.0694611576357528,0.147027781001757,0.19298981877119,0.141948116644391,0.17312030861269,0.231024769381525,0.0969328084793876,0.143383118499767,0.115809099134473,0.127047218669304,0.115397744073823,0.168675189045608,0.100839345132225,0.168617292590729,0.153575864910146,0.122079698869557,0.129527690213456,0.215273117733619,0.133872649903666,0.136712572712394,0.0941859534495074,0.0782384968352896,0.15859155352069,0.148344479119553,0.201021080583871,0.180673265033046,0.152497584737419,0.153612857676903,0.15755948876902,0.168315386331261,0.123508538486288,0.0650530488982206,0.137592436305762,0.0947796884429916,0.155731714364733,0.11060122107003,0.0693075072075557,0.149139436890428,0.140673667019733,0.188215834967714,0.148293711027173,0.158055720497349,0.107917896251121,0.113585553043325,0.0703351647288633,0.126917909381949,0.154101883810917,0.137491042667402,0.165645777835493,0.141446697029156,0.118986623094297,0.192239476417937,0.0854058923084809,"Barry Eichengreen"
"Jacques Thisse",0.127253288168232,0.130081484437851,0.169755135254397,0.118439366295605,0.132402944378626,0.136312341794812,0.138751798391199,0.135753299395651,0.121166507423886,0.147579610791823,0.110456316456436,0.125220659345925,0.145902134207371,0.155368814909236,0.095855779995936,0.121197595481359,0.148659354696965,1,0.14271906283146,0.0977464969477332,0.130318258883018,0.163129971752537,0.115793912935092,0.107237437722018,0.128156118836729,0.161661969267786,0.177805856671968,0.150152154285559,0.120443151594878,0.158969555450965,0.157793816494142,0.130212030309135,0.0904471027090513,0.149718470843282,0.134264195243766,0.0887790531433436,0.129264033590511,0.204966109894998,0.158435074353518,0.0929923197559579,0.184290091855897,0.141941131129111,0.123492879595683,0.127864088734076,0.114084530301488,0.112889242967473,0.0975010242072153,0.101516201354367,0.14952924771851,0.112737627834205,0.138051126518646,0.172271772067485,0.137663726443112,0.0966112615811194,0.116877367050428,0.127948539285017,0.0937973904868132,0.103389055609796,0.197369977967122,0.146605559902219,0.135725986992441,0.148372437237201,0.137218792376491,0.0937351418716426,0.11303283419036,0.192575388763733,0.159434534290007,0.104155876551139,0.0574757007129134,0.139089678147491,0.174846859527092,0.173209915904869,0.0870604175044313,0.115105122578305,0.154723866762862,0.123711850731987,0.138191166194505,0.11439099412936,0.0858770627812324,0.105668007315214,0.0945965447849145,0.129860961731943,0.0963429435687588,0.0648411746438941,0.226480544559117,0.10802521096386,0.139624245771905,0.091955173284016,0.188576879101955,0.133439832918288,0.114234920741219,0.0751105352679274,0.175330479054892,0.138656627550985,0.148346281559975,0.112791101926732,0.0983531896412027,0.130934098427799,0.140827432916203,0.0669551353296292,"Jacques Thisse"
"Martin Ravallion",0.131997186797477,0.186453874816878,0.164491095214752,0.126108290778568,0.10964766782235,0.151102293104988,0.182180467453092,0.14762045109748,0.120058740736694,0.156541529855152,0.0858858427959929,0.126029275098273,0.100822309058797,0.177438699217775,0.103974551622116,0.103291359257824,0.145091932575691,0.14271906283146,1,0.121257317144354,0.13882003911007,0.170413663699478,0.184303530826857,0.102500217072151,0.195601842965843,0.142455706376185,0.161431348716535,0.124663970296507,0.132169935750621,0.111309830961681,0.152145586742251,0.150495700272323,0.122862225318967,0.146892329378005,0.139962230788856,0.0908410440678337,0.154944066755652,0.161502222060636,0.112663293896089,0.110302778608529,0.131833588669396,0.121460944033291,0.113077000517741,0.182117730261243,0.118312260153659,0.140426678754287,0.0741079856993703,0.0921750685985074,0.194621833075475,0.147854270725617,0.120774032659305,0.118024688859416,0.162667001945892,0.0894354021668696,0.125710802802075,0.156701888994206,0.13715776916712,0.0982311304998976,0.11623657988236,0.155410177488536,0.155019693507464,0.161831412481077,0.139287835702955,0.115032021896212,0.142003956569123,0.102933928732062,0.143447883230077,0.0812599617296147,0.069866814219379,0.153446219674342,0.138640892972926,0.182705151818457,0.14169846780253,0.150607293487864,0.198500386568129,0.131745882552642,0.165431339814074,0.137026002993449,0.0877660999338649,0.116558236727594,0.0982554349698353,0.111217026933969,0.137302539923868,0.0825010867768592,0.124945349685854,0.127767988529543,0.193479535065765,0.111930370710473,0.115326267757716,0.132077443661639,0.116891793248534,0.074278768734091,0.139398204764903,0.137541589410035,0.147595458370055,0.196361795250002,0.0790448249290917,0.176740857331718,0.170987637839316,0.0657589879244747,"Martin Ravallion"
"Robert Vishny",0.166562772492912,0.0838737004265457,0.102977414346951,0.0841365971010565,0.0733749459481329,0.0971228586311358,0.0990994954636613,0.147823438790053,0.0923089682891594,0.507125928838978,0.0325939823563952,0.157798973653254,0.118520488970102,0.090104450497311,0.109911337178716,0.324456284665212,0.135085588935182,0.0977464969477332,0.121257317144354,1,0.100158116684901,0.114605980777275,0.0834091523589838,0.0866316340166887,0.0809035521175456,0.133590106280297,0.127292608697845,0.0945912439313732,0.112730299985628,0.101394572381946,0.15509460942543,0.101192766719273,0.0669242335824436,0.108960453235557,0.0851573947522573,0.0613339031518436,0.111614425631129,0.102047816621357,0.0849915148024733,0.0627813617937117,0.139348350716826,0.108756903591897,0.12214862235005,0.0991310374613454,0.132562755811596,0.0587983836504738,0.0783072941434845,0.052215021673709,0.0752775020646606,0.096814480039465,0.0911747378044231,0.0908377106699226,0.0992334921187837,0.054456652073,0.0707349625771403,0.0959377836209359,0.0692506299992642,0.0709872239268628,0.10899078433883,0.0845720501343155,0.0939457642190864,0.141729559124368,0.078812722559144,0.0849569663000575,0.0936835591930364,0.101305652753746,0.0874500869820629,0.0631576275248219,0.0525826202041209,0.118897463024993,0.119349202813529,0.124871784859459,0.10271125241301,0.122552905417215,0.131640259849904,0.0905226560117224,0.110346387241523,0.0568295960244728,0.0364442197616542,0.115191212315208,0.304783083865178,0.0859654555165408,0.0861822099835066,0.0762407725046466,0.101022291880586,0.0693040714442622,0.0879838389842502,0.084653326401068,0.113386015924568,0.0784372099510079,0.0793842522752414,0.0894848989510333,0.124095161280821,0.098627212595068,0.109849058197548,0.134322137832303,0.0628031018723712,0.0864837105576131,0.0790349455152188,0.0732797991049678,"Robert Vishny"
"Andrew Rose",0.182457560370355,0.114188885857288,0.149028349495589,0.124988327331181,0.102773073989893,0.154333148339231,0.127639576453764,0.147757504891912,0.141310985638779,0.140150007143687,0.102138471152252,0.153674459622667,0.120069748052243,0.265489867154783,0.0866448907435682,0.116106078263117,0.205597020130331,0.130318258883018,0.13882003911007,0.100158116684901,1,0.132780932903216,0.132500013934399,0.151201920722774,0.137928334334503,0.131459444615466,0.153914613449634,0.12757365628957,0.1440840137669,0.118916515831772,0.141852941646134,0.133564707927702,0.141629900397713,0.172137659562726,0.142284783301635,0.128506849180042,0.161045913373591,0.14488338157922,0.100611272034702,0.127971648994905,0.133611414230274,0.148746717842877,0.121047258824469,0.130857075645692,0.131038130045469,0.126573416055361,0.0828264446012801,0.101912246621355,0.140159540132696,0.160638627257722,0.127860903452155,0.146823554399455,0.189305420141303,0.0769842377666396,0.124328448284684,0.0996901840622099,0.149311490651101,0.107104898052925,0.164155822993943,0.119111617797328,0.185138378365783,0.133151337112899,0.108237679775816,0.130887209873554,0.19400516840537,0.12248685959671,0.158500339885461,0.0985362210207384,0.0717494599871952,0.16436832419497,0.122895655616853,0.154109571945312,0.131212732268298,0.140686269788944,0.141092230129088,0.107262168792609,0.149932484926861,0.131031439769618,0.0794976555434156,0.148274953039826,0.0988902562351491,0.128401299095033,0.129241642194844,0.0841607613215024,0.12868587548828,0.133740779333789,0.173879431928367,0.113390232906666,0.143269775222133,0.111609799899936,0.101824998349701,0.0734032404335836,0.109628306573557,0.155653385645357,0.132603188539068,0.170722577476545,0.0887616219217891,0.139753863237028,0.144780062986393,0.0676121649993647,"Andrew Rose"
